0,10000
1,10001
2,10002
3,10003
4,10004
5,10005
6,10006
7,10007
8,10008
9,10009
10,10010
11,10000
12,10001
13,10002
14,10003
15,10004
16,10005
17,10006
18,10007
19,10008
20,10009
21,10000,produce
22,10001,dessert
23,10002,1
24,10003,10.0
25,10004,4.2
26,10005,50
27,10006,3
28,10007,100
29,10008,20
30,10009,100
31,10010,Farmer's Market
32,10000,2
33,10001,7
34,10002
35,10003
36,10004,3.0
37,10005,Jan 18, Jan 20, 2.0
38,10006,June 19, June 23
39,10006
40,10005
41,10007
42,10008
43,10009
44,10010


